# QGIS Generated Color Map Export File
INTERPOLATION:DISCRETE
-5,0,255,36,255,<= -5 m
0,4,14,216,255,-5 - 0 m
5,32,80,255,255,0 - 5 m
10,65,150,255,255,5 - 10 m
15,109,193,255,255,10 - 15 m
20,134,217,255,255,15 - 20 m
25,156,238,255,255,20 - 25 m
30,175,245,255,255,25 - 30 m
35,206,255,255,255,30 - 35 m
40,255,254,71,255,35 - 40 m
50,255,235,0,255,40 - 50 m
100,255,196,0,255,50 - 100 m
200,255,144,0,255,100 - 200 m
300,255,72,0,255,200 - 300 m
400,255,0,0,255,300 - 400 m
500,213,0,0,255,400 - 500 m
inf,158,0,0,255,> 500 m
